# MASS_BEST   SFR_BEST     
  10.1045     -1.13618     
  10.1749     0.137866     
  10.6267     0.330272     
  11.1244     1.1429       
  10.4223     -2.14548     
  10.2467     0.267481     
  10.5367     -0.311933    
  9.21004     -0.590623    
  10.3669     -0.981247    
  10.3867     -0.638889    
  10.9313     -15.3385     
  10.8113     0.32744      
  10.8021     0.892561     
  11.1971     1.10276      
  10.5761     -0.127351    
  10.5162     0.0272035    
  10.9135     -10.3071     
  10.9108     0.170971     
  10.5851     -5.5823      
  11.6985     1.56502      
  10.6037     0.546124     
  10.8327     0.238765     
  10.5039     -1.70482     
  10.8434     0.286206     
  10.2652     0.344609     
  10.1614     2.76419      
  10.5055     -1.00398     
  10.7437     -0.0120674   
  10.7838     -27.3377     
  10.6469     0.49583      
  10.3859     -0.369898    
  10.7776     -0.0322241   
  10.6597     -0.0419582   
  10.5551     0.236322     
  9.8505      -0.412693    
  10.2667     -0.32633     
  11.1355     1.00196      
  10.3779     -2.18982     
  10.6073     -15.6707     
  9.98822     0.107752     
  10.4963     -0.798101    
  10.4064     -0.780613    
  9.96697     0.0353445    
  11.7104     1.0798       
  9.9464      0.129691     
  10.0414     -0.807303    
  10.8523     0.743817     
  11.0247     1.14423      
  10.7671     0.100068     
  9.89691     0.221336     
  11.3228     1.04319      
  10.4235     -99.0        
  10.5491     0.175095     
  10.6564     -19.8728     
  10.9262     0.55223      
  11.3955     1.06129      
  10.343      -0.466778    
  10.2099     -0.108795    
  10.2859     0.424771     
  10.7944     0.397344     
  10.5286     0.496875     
  10.2457     -2.32203     
  10.525      0.0959634    
  9.76182     -0.107872    
  10.1418     0.402948     
  10.6524     0.396717     
  10.184      -1.38005     
  10.0247     -0.00585654  
  9.92805     -9.48692     
  10.503      0.184259     
  10.7606     0.276767     
  10.1913     -0.0719355   
  10.5387     0.520197     
  11.1205     0.691471     
  9.98783     -0.16324     
  10.1817     -0.0256123   
  10.8445     0.0887599    
  10.7462     -0.171621    
  10.1916     0.0972944    
  10.5093     0.358204     
  10.3492     -99.0        
  9.65897     -0.282408    
  10.3553     -2.5716      
  10.7433     -0.981034    
  10.1084     -1.59869     
  10.6387     -0.117026    
  11.1741     1.38579      
  10.6049     0.0118464    
  10.4149     -0.640174    
  10.657      0.650633     
  9.17378     -0.556616    
  10.0074     0.396989     
  11.2508     1.35972      
  10.3431     -0.0308941   
  11.0707     -0.493379    
  8.68619     -4.68343     
  10.7538     0.310485     
  10.7693     -8.92199     
  9.83846     0.626164     
  10.0567     -0.363562    
  9.79881     -0.551643    
  11.0244     0.81706      
  10.6663     -0.109863    
  10.4173     -0.0117019   
  10.329      0.0102335    
  10.342      -2.58491     
  11.2624     1.28092      
  10.7014     0.235232     
  10.4649     -0.614605    
  10.7262     -0.407139    
  11.1278     3.37484      
  10.7121     -1.01227     
  11.0239     1.18778      
  10.5317     0.0478264    
  9.544       0.099732     
  10.6499     -0.105853    
  9.83743     0.386398     
  10.2979     0.260858     
  11.4243     1.0901       
  10.4682     -0.416637    
  11.0043     0.410301     
  10.3531     -0.0186529   
  10.5928     -0.378926    
  10.6751     -0.0265374   
  10.6146     -0.141187    
  10.4315     -0.701794    
  10.6666     0.220291     
  9.59803     -0.137928    
  10.8507     0.500234     
  11.0342     1.11365      
  10.5998     -7.73236     
  9.97651     -2.95043     
  10.3274     0.466349     
  10.8922     0.116098     
  10.6444     -0.650088    
  10.6118     -14.9443     
  10.3526     0.096893     
  10.3211     -0.488695    
  10.3829     -1.39508     
  10.7377     -0.0747073   
  10.4702     -23.3122     
  10.5042     -0.162861    
  9.36187     -0.27336     
  10.7921     -0.556085    
  10.2507     0.511891     
  9.89995     -1.10137     
  10.5175     -8.53668     
  11.8075     1.87789      
  10.058      -1.07769     
  10.6612     -0.259793    
  10.5607     0.140404     
  11.7452     1.58682      
  10.2479     -0.419077    
  10.7126     -0.528163    
  10.5398     -0.324013    
  11.2094     1.42109      
  10.6151     0.578035     
  10.4851     -7.4861      
  10.9375     0.234062     
  10.7916     0.640556     
  10.215      0.177923     
  10.4389     -0.694392    
  10.2971     -0.458649    
  10.8124     0.438439     
  10.426      0.274932     
  10.7172     0.343206     
  10.6539     0.335159     
  11.0913     0.940267     
  10.4452     -0.310519    
  10.0537     0.133148     
  11.0976     -0.0357541   
  11.5039     0.263166     
  10.7198     -15.5582     
  10.9251     1.26246      
  10.1831     -6.70544     
  11.7786     1.44438      
  10.8217     -2.1052      
  11.0391     0.51868      
  12.4022     2.57767      
  10.5032     -1.06085     
  10.3979     0.289466     
  10.0125     0.0918815    
  10.7592     0.385354     
  10.2757     -0.207713    
  10.2248     0.130501     
  10.531      0.251448     
  10.7588     -0.105066    
  10.4622     -1.15479     
  10.2868     0.192496     
  9.9583      -0.136039    
  10.3311     0.180071     
  10.4363     -0.696963    
  10.1697     -7.14007     
  10.2576     0.0502287    
  10.3425     0.0793301    
  9.90935     -3.37681     
  10.6935     -2.23339     
  10.2857     -0.252856    
  11.3072     1.17366      
  10.5172     -0.454553    
  11.043      -8.01114     
  10.3402     0.189113     
  10.5255     -2.40148     
  10.4444     0.0153677    
  10.2485     -0.561335    
  10.5184     0.144433     
  10.4663     -7.86579     
  10.0141     -0.249143    
  10.1395     -0.843636    
  10.4653     0.257971     
  10.3538     -0.994376    
  10.9477     0.684513     
  10.5023     -9.27349     
  11.6351     1.82233      
  10.5295     -0.388271    
  9.95477     -0.692661    
  11.0208     -13.451      
  10.012      -0.284485    
  10.0413     -8.56698     
  10.864      -3.15402     
  10.7066     0.0395487    
  11.3192     1.18572      
  10.4302     -0.271455    
  10.6186     -1.05207     
  10.805      0.943894     
  10.4081     0.225068     
  10.8929     0.0804532    
  10.7703     -0.222844    
  10.5661     -0.67458     
  10.7044     -0.0514003   
  10.778      -11.5264     
  10.3601     -0.341539    
  10.9609     0.205166     
  10.8116     0.998866     
  10.271      -0.862337    
  10.2829     -1.7107      
  10.3094     -8.73202     
  10.6354     -0.213288    
  10.6338     -0.606918    
  10.3654     -0.227673    
  11.0705     0.550082     
  10.3586     -0.179923    
  8.67036     -99.0        
  10.4954     -0.476274    
  11.4711     1.5023       
  10.4548     -0.192637    
  10.5373     -0.45573     
  10.3565     0.037717     
  10.1805     -0.331231    
  10.5037     0.184946     
  10.7692     0.285286     
  10.2744     0.47389      
  10.443      -12.4976     
  10.4089     0.37179      
  10.1914     0.418466     
  10.3964     0.0930237    
  10.8833     0.620123     
  10.0481     -0.0462551   
  9.787       0.342734     
  10.1738     -1.81981     
  9.45086     -0.396686    
  10.815      0.331099     
  10.4126     0.205265     
  10.2095     -0.869937    
  10.3843     0.121075     
  10.4556     0.152256     
  10.646      -0.109717    
  10.5459     -0.533574    
  10.5878     -16.6883     
  10.194      -0.235027    
  10.424      -0.493828    
  10.3576     -2.2102      
  10.3936     0.0748981    
  10.5242     0.150237     
  10.3976     0.538858     
  10.6879     0.593525     
  10.5553     -0.473699    
  10.5358     -0.165862    
  10.579      -0.608056    
  10.4944     -0.0259786   
  10.6054     1.15437      
  10.7315     0.138469     
  10.919      0.544963     
  10.7512     0.377358     
  10.1635     -0.78338     
  11.2645     1.29569      
  10.682      -5.84588     
  10.9953     0.291848     
  10.3246     -0.596379    
  9.86823     -2.69955     
  10.5988     0.619594     
  9.74242     -0.0937465   
  10.1431     -6.73411     
  10.4483     -8.59315     
  9.49555     -7.0323      
  10.3738     0.279464     
  11.0176     -0.223114    
  9.94216     -0.376575    
  10.5532     -0.202565    
  10.414      -0.614997    
  9.63402     -0.573311    
  10.5264     0.0602414    
  11.7954     1.53974      
  9.78723     0.17677      
  10.1245     -3.16161     
  9.80043     -1.23454E-4  
  11.8451     2.10909      
  10.6204     0.890049     
  10.6502     0.00275233   
  10.1434     -8.46488     
  10.6736     0.490598     
  10.9354     0.23193      
  10.0477     -1.23057     
  10.4474     0.00411029   
  10.5684     -0.618644    
  10.5067     0.412364     
  10.4592     -0.242411    
  9.87185     -8.73642     
  9.96945     -2.95748     
  10.2856     -0.847685    
  9.91273     -0.680311    
  10.3162     -0.601619    
  9.36456     -10.3267     
  9.33096     -3.59597     
  10.0255     0.552385     
  10.2372     -0.788372    
  11.1691     0.961632     
  10.4111     -0.668399    
  10.6481     0.440775     
  11.0753     1.27468      
  11.4966     1.59415      
  10.9059     3.15289      
  11.172      0.742929     
  10.5366     -0.811589    
  10.1317     -8.92248     
  10.5406     0.00210093   
  10.444      -0.904196    
  10.5519     -0.903764    
  9.41533     -0.679015    
  10.4207     0.559665     
  10.2909     0.381411     
  9.70657     -0.0322589   
  8.68158     -2.66661     
  10.9354     1.81287      
  11.1232     -10.0974     
  10.3324     0.471267     
  9.36759     -0.987613    
  10.7199     0.850251     
  11.1036     0.400174     
  9.76515     -3.16178     
  10.55       -0.313847    
  9.61354     -0.9795      
  11.1112     1.13205      
  8.69521     -99.0        
  9.49374     -5.95264     
  10.4477     -2.47919     
  10.3209     -0.335898    
  10.6568     -6.65289     
  10.4967     0.0676319    
  10.1012     -0.737085    
  11.0854     0.381991     
  10.6488     0.554471     
  10.3599     0.128185     
  9.92609     -1.49498     
  10.7423     0.313293     
  10.3007     -9.11431     
  10.8232     0.786077     
  10.5674     -0.425645    
  10.5794     -99.0        
  10.5546     -0.438465    
  10.4379     -21.1754     
  9.76694     -0.376051    
  10.1695     0.308421     
  10.2557     -0.118303    
  10.6406     -0.868868    
  10.7234     -0.517327    
  10.1801     0.115695     
  10.6761     -2.90935     
  8.6712      -1.06762     
  10.4191     -7.90286     
  10.337      -1.65664     
  10.7592     0.608165     
  10.1726     -0.00914808  
  11.1793     1.1475       
  11.1375     1.44435      
  10.4594     -2.46757     
  11.1772     -1.74976     
  10.5912     -12.4349     
  11.0796     0.230981     
  10.8933     0.409462     
  10.1943     0.163722     
  10.4525     -0.895713    
  10.4875     -10.7331     
  10.1968     -0.0664391   
  10.1956     0.214084     
  10.5925     -0.109143    
  10.4231     -0.0607834   
  11.084      -0.0492667   
  10.5156     -0.0783651   
  10.3355     -2.23223     
  10.6959     0.488585     
  10.1895     -2.37826     
  10.5534     -0.57988     
  10.3944     0.300018     
  11.1136     1.29693      
  11.0072     0.251476     
  10.501      0.126989     
  10.1982     0.219025     
  11.2452     1.27638      
  10.2786     -1.71503     
  10.341      -1.11466     
  10.4097     -1.44048     
  10.3953     -0.899165    
  10.8661     0.886923     
  10.6315     -10.2279     
  10.459      -17.9014     
  10.6256     0.031633     
  10.4033     -0.514493    
  9.47068     -4.52032     
  10.695      0.536593     
  11.1746     1.25404      
  10.2175     0.123122     
  11.3028     1.99079      
  10.2554     -0.264948    
  9.82431     -0.270031    
  8.79687     -1.30299     
  10.333      -1.01523     
  10.9701     0.526863     
  10.1392     0.463672     
  10.7664     -11.0913     
  10.6076     -0.74057     
  11.2676     1.17322      
  10.7591     -0.320371    
  10.5767     -9.11453     
  10.5413     -10.6793     
  9.8521      -0.184976    
  10.0902     -2.47759     
  10.1179     0.0235747    
  10.3093     -0.877727    
  10.8686     -2.41756     
  10.3956     0.188266     
  10.8952     0.35667      
  10.3763     -0.433529    
  11.0029     -0.291541    
  10.6321     0.258092     
  10.4989     0.235697     
  9.6415      -0.452844    
  10.9014     -0.070356    
  9.8396      -0.534405    
  10.3503     -0.17005     
  10.4202     -99.0        
  10.4953     0.4582       
  9.92303     -0.450969    
  9.26541     -0.0242921   
  10.9039     0.310829     
  10.3227     -8.71876     
  10.6797     -0.883585    
  9.89388     0.0463311    
  10.5558     0.348422     
  11.064      1.03225      
  11.2268     0.899881     
  10.6955     2.83651      
  10.656      -0.531052    
  9.42652     -0.494047    
  10.7845     -15.8548     
  10.7374     0.36339      
  11.3786     1.57801      
  10.3775     0.456914     
  10.1282     0.207644     
  10.4719     0.0515988    
  10.6115     0.0910824    
  10.2128     -1.99597     
  10.4374     -99.0        
  10.9378     1.07675      
  10.6749     -11.1829     
  9.91146     -0.462543    
  10.5121     -1.0511      
  10.2972     0.089841     
  10.8242     -8.59073     
  10.3815     -0.428334    
  10.753      -0.326425    
  9.96157     -0.484764    
  10.5191     -16.7571     
  10.4699     0.439346     
  10.2943     -0.698738    
  10.8471     0.254101     
  11.1525     1.41651      
  10.239      -2.32874     
  9.6005      -10.0908     
  10.8964     1.44536      
  10.363      0.471953     
  9.41894     -3.50799     
  10.4231     -11.4346     
  10.3853     -0.0986153   
  10.5027     -0.952976    
  10.5367     0.162719     
  10.5646     -0.407071    
  10.3258     -2.60111     
  10.0475     0.412283     
  9.68305     -0.117614    
  10.4653     -2.25723     
  9.25602     -0.0662248   
  10.3853     0.011286     
  12.8563     2.92466      
  10.2799     0.541076     
  10.6203     -0.189519    
  10.049      0.0119353    
  10.5002     -0.255558    
  10.4505     0.419942     
  10.396      -99.0        
  9.16899     -0.259615    
  10.6904     0.26134      
  10.2736     -0.0451123   
  10.485      0.16623      
  10.3604     0.32988      
  10.0797     -0.458862    
  10.2861     -1.27791     
  10.4765     0.439383     
  9.97281     -0.00638609  
  9.71804     -1.27506     
  10.4705     0.568761     
  10.0655     -2.86144     
  11.4012     1.43244      
  10.5106     0.191838     
  10.3056     -1.68796     
  10.7817     0.0259415    
  11.1457     0.826947     
  10.539      0.164971     
  10.8042     -0.382868    
  10.6464     0.180214     
  10.9971     0.991429     
  10.6744     -0.0813565   
  9.36123     -2.05984     
  10.3442     -2.58276     
  10.5621     0.243372     
  9.80657     -3.12036     
  10.266      0.0103197    
  10.207      0.169937     
  10.528      -14.6667     
  9.96773     0.21822      
  10.5489     0.569699     
  10.169      0.547314     
  9.45818     0.146192     
  10.4186     0.267563     
  10.3962     0.0692173    
  10.055      0.048677     
  10.3909     0.127667     
  10.5709     -0.241508    
  10.3585     0.379287     
  10.5484     0.0821855    
  10.8638     0.545087     
  10.6902     0.201191     
  10.3962     -0.737157    
  11.5226     1.63152      
  10.7389     -2.18803     
  10.68       -9.457       
  10.965      -1.9619      
  10.6979     0.159412     
  10.6473     0.108747     
  10.8032     0.101542     
  10.6155     -1.00152     
  11.7519     1.66872      
  10.5151     0.164673     
  11.0937     1.24619      
  10.8012     -0.00865429  
  10.9454     -0.349076    
  9.78817     -9.90311     
  11.0837     0.453145     
  10.6975     0.6604       
  10.6267     -0.149446    
  10.8017     0.317796     
  9.94526     0.194452     
  9.93193     3.87193      
  11.2747     0.900868     
  10.2967     0.588849     
  10.9114     0.318312     
  10.9077     0.204269     
  10.8543     0.00562774   
  11.0392     0.688727     
  10.4208     -0.117723    
  9.31066     -0.7211      
  10.4909     0.194427     
  11.0802     0.706238     
  9.66401     -0.599188    
  10.8327     0.40363      
  10.145      0.0618501    
  9.90944     -6.25792     
  10.5388     2.73477E-4   
  10.9033     0.34611      
  9.4388      -3.12897     
  9.43223     -0.306593    
  10.9265     0.223038     
  11.2035     0.572972     
  10.9742     0.600238     
  9.96518     -0.592037    
  10.0252     -0.56875     
  10.5158     0.372842     
  10.3341     0.413524     
  11.9784     2.16564      
  10.9799     0.661153     
  11.887      1.82939      
  9.13989     -3.78705     
  10.6766     0.0826277    
  11.2626     1.29383      
  10.7546     -9.38238     
  11.6653     1.76288      
  11.1626     0.568687     
  10.2002     -0.228811    
  10.8426     -0.451867    
  10.7828     0.353738     
  10.9163     -0.539431    
  10.4286     0.0548098    
  10.7106     0.172114     
  11.7028     1.49539      
  10.5289     0.0398771    
  10.6448     0.106225     
  10.5108     -0.460896    
  10.7593     -1.01874     
  9.86196     -3.42419     
  10.7804     -0.299042    
  11.3373     0.635609     
  10.2554     0.218308     
  10.9176     0.654451     
  10.8029     0.373829     
  11.8896     2.16748      
  10.3853     -16.8908     
  10.3975     0.536436     
  10.6325     0.235388     
  10.6587     -0.0429188   
  9.78712     -0.586877    
  8.94592     3.4959       
  9.64949     0.0539249    
  10.278      -0.388972    
  9.88858     -0.430159    
  10.747      0.30062      
  11.1562     -8.25881     
  11.1142     1.57548      
  10.3972     -0.141373    
  9.87582     -7.86661     
  12.0064     -9.57545     
  10.6849     0.255829     
  10.4585     0.364185     
  10.2141     -7.96118     
  10.0514     0.32317      
  9.21079     1.00199      
  11.2003     0.711272     
  11.0596     1.42942      
  10.4147     0.0642421    
  11.1587     0.675319     
  10.5691     0.218698     
  10.2964     -10.4781     
  10.2418     0.0907348    
  10.6624     0.288429     
  10.9835     0.352949     
  10.8702     0.787066     
  10.9116     -15.3664     
  11.0279     0.544522     
  10.2144     0.177348     
  10.7828     0.503184     
  11.1916     1.15456      
  10.259      0.338416     
  10.7527     0.433924     
  10.3847     -5.78266     
  10.0963     -0.875388    
  9.7549      -0.224297    
  10.7242     -0.0315348   
  10.0716     -0.44017     
  10.399      -6.12891     
  10.8702     -0.531728    
  10.8064     0.0302293    
  10.2994     -0.6184      
  11.1313     0.757496     
  10.9924     0.50346      
  10.3293     -1.87942     
  10.0741     -0.556453    
  11.3905     1.42176      
  11.0643     0.324458     
  10.3954     -0.630245    
  10.4568     -5.71053     
  11.1211     0.724033     
  10.3914     0.366915     
  10.967      -0.273774    
  10.7513     -0.650665    
  10.3546     -0.671034    
  10.5233     0.0942191    
  11.2765     1.29503      
  10.9906     1.76915      
  11.0798     0.339944     
  10.1584     -0.104837    
  10.949      0.24557      
  11.5169     1.5113       
  11.7404     1.55741      
  10.4069     0.00976143   
  9.91137     -0.600354    
  11.3007     0.379654     
  10.6702     0.00323161   
  10.5041     0.200804     
  10.1509     0.113817     
  10.7882     -0.129601    
  10.1259     -2.80107     
  11.3052     0.766718     
  10.6604     0.453056     
  10.2992     -0.348187    
  11.3564     0.435422     
  10.8821     0.0334776    
  10.6737     -99.0        
  10.2705     -0.758516    
  10.5813     -0.174506    
  10.8664     0.923583     
  10.5681     0.194092     
  10.8906     -0.188862    
  10.744      -0.177003    
  10.6216     0.15544      
  12.1911     1.48763      
  10.8986     -0.34212     
  9.98987     0.433457     
  11.0077     1.0262       
  10.2025     -0.226521    
  10.1536     -5.85916     
  10.462      0.143309     
  11.2808     0.613821     
  10.2127     0.170216     
  9.57376     -0.335734    
  10.6485     0.055421     
  10.4425     -0.367348    
  10.6485     0.21943      
  10.7833     0.244731     
  9.37816     -0.531332    
  10.2716     -0.0788624   
  11.742      1.83953      
  10.5414     -0.968022    
  11.1232     0.694152     
  10.9648     0.590765     
  10.6576     0.450252     
  10.2301     -1.19098     
  10.6605     0.478667     
  10.4901     -0.211528    
  10.5356     -0.240597    
  10.2472     0.152831     
  10.708      -0.0477408   
  11.1474     0.334927     
  10.6946     -99.0        
  10.5242     0.0580614    
  11.6143     1.93614      
  10.2155     -0.111447    
  10.326      0.301534     
  11.9265     1.36931      
  10.464      -0.128996    
  10.4869     0.112945     
  11.0341     0.637047     
  10.9797     0.385738     
  11.3741     1.09451      
  10.1537     -0.358059    
  10.3876     0.124427     
  10.737      0.253115     
  10.6332     0.369998     
  11.1176     0.651392     
  10.3981     2.75216      
  10.2429     -0.131095    
  10.4939     0.175163     
  10.5971     0.150755     
  10.2507     -0.0762094   
  9.69596     -0.89708     
  10.4366     -2.49031     
  10.4227     0.191005     
  9.86326     0.324508     
  11.0019     0.262067     
  10.2628     -0.248893    
  10.9733     0.342702     
  10.6723     0.641693     
  11.9507     2.04823      
  10.8461     0.144492     
  10.5436     0.100348     
  11.7674     1.46409      
  10.2337     0.19658      
  10.6329     0.45106      
  10.8013     -0.546867    
  11.1358     0.651906     
  10.7693     0.285398     
  10.6949     0.20588      
  10.554      -0.686763    
  10.5759     0.368527     
  10.829      -0.250448    
  10.5647     0.0812423    
  10.7883     0.359216     
  11.0001     0.905784     
  10.4764     -0.00748457  
  10.4663     -0.127668    
  10.6093     0.401933     
  10.5611     0.234124     
  9.81285     -0.205687    
  10.5197     -0.0742501   
  10.9886     0.725405     
  10.5781     0.149042     
  9.50708     -1.19457     
  10.2185     -0.0446549   
  10.2583     -1.95046     
  8.4612      -5.90431     
  10.3798     -0.649242    
  10.2378     -0.647062    
  10.481      0.0607447    
  10.7381     0.144154     
  10.5889     0.0999474    
  10.557      0.298477     
  10.5949     -0.32607     
  10.4839     0.110034     
  10.8133     1.2549       
  10.724      -7.9691      
  10.7128     0.303666     
  10.7588     0.495621     
  10.6762     0.0287694    
  10.4885     0.114517     
  10.8574     0.300169     
  11.5683     1.58685      
  10.6051     0.341881     
  11.6941     1.70997      
  11.067      0.36358      
  9.13404     -1.37769     
  10.5593     0.130233     
  10.7189     0.384703     
  10.6905     0.096562     
  10.4843     -0.00467368  
  10.9148     0.138643     
  10.8815     0.250931     
  10.8009     0.482126     
  9.90418     -0.138274    
  10.5571     0.160016     
  10.6413     0.409649     
  11.3876     1.49898      
  10.4479     -0.19954     
  10.7943     0.273934     
  10.3008     -0.017984    
  10.7255     0.259291     
  10.3679     -0.0523767   
  10.8582     0.00949267   
  10.3796     -0.104222    
  10.6312     -0.663269    
  10.6856     -0.23546     
  9.6769      -0.95365     
  10.4356     -2.13213     
  11.1673     0.354845     
  10.996      0.512091     
  10.6795     -0.132962    
  10.915      0.564504     
  10.1768     -0.416206    
  8.93667     -1.57506     
  10.5512     0.104872     
  10.5825     0.969302     
  10.4207     0.0489324    
  10.1962     -0.396859    
  10.6919     -0.441442    
  10.6049     0.0109747    
  10.5939     0.110019     
  10.6275     -0.34421     
  10.3342     0.0710531    
  9.7121      0.2376       
  10.4048     0.197491     
  11.2099     0.288845     
  10.3214     -12.6192     
  10.6651     -0.0907038   
  10.283      -1.13806     
  10.2464     -0.0500914   
  10.9651     0.498949     
  10.9268     0.8897       
  10.9954     0.901015     
  10.0968     -15.0979     
  10.7387     0.580315     
  10.3321     0.376196     
  10.7165     -0.846712    
  10.5933     -0.324512    
  10.8981     0.601669     
  11.0207     0.536865     
  10.3907     0.0719443    
  11.4948     1.31183      
  10.834      0.460149     
  10.9887     0.669967     
  10.6634     -0.185252    
  11.2598     1.36877      
  10.5587     -1.43491     
  10.6855     -5.7595      
  10.3268     0.00807867   
  11.3385     1.15669      
  10.6495     0.0922667    
  9.99541     -7.74702     
  10.6725     -0.176151    
  10.5033     -0.791113    
  10.6253     -0.884191    
  10.6864     -29.6049     
  10.9412     -0.192097    
  10.419      -0.574125    
  10.8991     0.572144     
  9.88752     -1.96267     
  10.808      0.341846     
  10.8263     0.905696     
  11.2161     1.24732      
  10.4853     -0.43576     
  11.5015     1.12979      
  10.4799     -12.4607     
  9.86517     0.0646163    
  11.2506     0.97106      
  11.0161     1.25338      
  10.6369     0.227783     
  10.3087     -16.9675     
  11.1122     1.20979      
  11.4321     1.48926      
  10.7313     0.242306     
  9.52856     -4.4769      
  10.6594     0.0119686    
  11.8546     1.93844      
  10.844      0.838327     
  10.6893     -0.0505713   
  10.9115     0.853882     
  10.6456     -16.6305     
  10.6017     -0.154106    
  10.6693     0.342329     
  11.5118     1.60931      
  10.1752     -3.11098     
  10.6898     -9.08601     
  10.7033     0.219407     
  10.1217     -6.32332     
  10.3101     -1.36057     
  10.9989     -0.349256    
  10.4333     -5.37358     
  11.4868     1.61232      
  10.9355     -99.0        
  10.3291     -0.0999557   
  10.5257     -1.09127     
  10.7263     0.732321     
  11.1678     0.73874      
  10.9232     0.664663     
  10.6717     -0.730271    
  10.5685     -0.133131    
  10.643      0.271294     
  10.4321     0.168925     
  10.9592     0.203464     
  11.418      1.68201      
  10.5477     0.340368     
  11.1402     0.71999      
  10.4484     -6.44012     
  10.2762     -0.641592    
  10.6083     -8.80671     
  11.3436     0.993144     
  11.0472     -11.6181     
  10.8492     0.812146     
  10.6991     -0.040746    
  12.6518     2.3722       
  10.061      -3.22518     
  10.5607     0.466369     
  10.7673     1.17175      
  11.7794     1.8106       
  10.5089     0.0625841    
  10.3384     -0.254608    
  10.2187     -1.12944     
  9.76592     -2.22768     
  10.3311     0.410538     
  10.568      0.0846103    
  8.79998     -10.2415     
  10.9745     -0.266268    
  11.2278     0.148341     
  10.9573     0.749953     
  10.177      -0.416079    
  10.3982     -8.6432      
  10.2209     -0.0422912   
  10.1483     -0.260766    
  10.134      -0.294999    
  10.3894     -0.531643    
  10.5825     0.116296     
  10.8848     0.10864      
  11.2784     1.16994      
  12.3657     1.34008      
  10.5838     -6.66557     
  10.5848     0.0462211    
  10.8294     0.345546     
  10.2479     0.216178     
